0.000000000000000000e+00  0.000000000000000000e+00  0.000000000000000000e+00  0.000000000000000000e+00  0.000000000000000000e+00
5.000000000000000278e-02  2.856888955316260956e-02  2.871492839655051879e-02  2.727243268436776655e-02  2.741802024156286821e-02
1.000000000000000056e-01  1.031709107652691998e-01  1.037510646742662301e-01  1.025273275952554852e-01  1.031066313923261063e-01
1.500000000000000222e-01  1.983799033908200393e-01  1.996745281228702318e-01  1.990268518697627664e-01  2.003193409911885325e-01
2.000000000000000111e-01  3.002650202731877438e-01  3.025523638883425570e-01  3.028420747660056089e-01  3.051128499076871670e-01
2.500000000000000000e-01  3.998855596843937654e-01  4.033859565340832121e-01  4.025017581204605732e-01  4.059971437702119545e-01
3.000000000000000444e-01  4.891992661093002015e-01  4.941475638879700982e-01  4.918413991459887891e-01  4.967850869385825319e-01
3.500000000000000333e-01  5.687319139909365884e-01  5.753200100366506753e-01  5.713758651513046738e-01  5.779661568649975267e-01
4.000000000000000222e-01  6.392012474285762025e-01  6.476186409035741276e-01  6.418273058754611071e-01  6.502354214198713400e-01
4.500000000000000111e-01  7.014294786372756718e-01  7.118122593438824808e-01  7.040335785529199253e-01  7.144029560131008871e-01
5.000000000000000000e-01  7.562579805782276843e-01  7.687083887234733570e-01  7.588592125060079630e-01  7.713056288007418271e-01
5.500000000000000444e-01  8.045823642870084669e-01  8.191993186659158876e-01  8.071533714690457550e-01  8.217659487687231090e-01
6.000000000000000888e-01  8.471601408412041678e-01  8.640177517960033748e-01  8.497104201545041535e-01  8.665530526928676425e-01
6.500000000000000222e-01  8.846990641037217884e-01  9.038280397818005962e-01  8.872538988132390170e-01  9.063673963087938157e-01
7.000000000000000666e-01  9.179021548229675531e-01  9.393804074010811966e-01  9.204287189987183648e-01  9.418329851694419164e-01
7.500000000000000000e-01  9.473138779792531494e-01  9.710903307931310069e-01  9.498028202348862692e-01  9.734992802602528972e-01
8.000000000000000444e-01  9.733975538403033534e-01  9.994404525160827113e-01  9.758700467151034674e-01  1.001844085227141523e+00
8.500000000000000888e-01  9.965993153401494498e-01  1.024925969571631290e+00  9.990628132930517991e-01  1.027286185516731454e+00
9.000000000000000222e-01  1.017364005618518030e+00  1.047830962432578117e+00  1.019747879496700538e+00  1.050181023400184488e+00
9.500000000000000666e-01  1.035765689307613480e+00  1.068412700986671959e+00  1.038245369108298233e+00  1.070839467035758386e+00
1.000000000000000000e+00  1.052432910035256519e+00  1.087091008309462037e+00  1.054829879881532317e+00  1.089528811446774492e+00
1.050000000000000044e+00  1.067294485047326935e+00  1.104087444875893276e+00  1.069737868960841221e+00  1.106479896745941272e+00
1.100000000000000089e+00  1.080738986972714200e+00  1.119533322313039481e+00  1.083173105654759549e+00  1.121892381899249891e+00
1.150000000000000133e+00  1.092990382351942458e+00  1.133798775428172645e+00  1.095311444283073143e+00  1.135939317785698011e+00
1.200000000000000178e+00  1.103874717969102415e+00  1.146339610388098951e+00  1.106304805931533686e+00  1.148770913822479312e+00
1.250000000000000000e+00  1.113909313152719793e+00  1.158206416310062492e+00  1.116285270818663244e+00  1.160518443414945366e+00
1.300000000000000044e+00  1.123007392011978745e+00  1.168931962780354938e+00  1.125366686975778796e+00  1.171295868465599188e+00
1.350000000000000089e+00  1.131334990033643351e+00  1.178895238341411300e+00  1.133648782707620262e+00  1.181203374338144929e+00
1.400000000000000133e+00  1.138895796519219239e+00  1.188115447149263870e+00  1.141218203012187571e+00  1.190328861021374918e+00
1.450000000000000178e+00  1.145879964973252063e+00  1.196592223551253609e+00  1.148150820573787811e+00  1.198749621170266177e+00
1.500000000000000000e+00  1.152211495067944291e+00  1.204371530079487496e+00  1.154513038164409977e+00  1.206533938207991152e+00
1.550000000000000044e+00  1.158008613922340002e+00  1.211721506254628489e+00  1.160363195416754367e+00  1.213742200150234929e+00
1.600000000000000089e+00  1.163637100223457121e+00  1.218611476036913110e+00  1.165751520042184186e+00  1.220426812961955987e+00
1.650000000000000133e+00  1.168374753592429371e+00  1.224716686831124779e+00  1.170726798764190058e+00  1.226638918172211712e+00
1.700000000000000178e+00  1.172917367545629919e+00  1.230628065687119133e+00  1.175325615751090069e+00  1.232417486256461414e+00
1.750000000000000000e+00  1.177187438906714068e+00  1.236192336352087917e+00  1.179584678948053744e+00  1.237801602352323727e+00
1.800000000000000044e+00  1.181345683766360732e+00  1.241881931391112914e+00  1.183535531628772564e+00  1.242825224006541163e+00
1.850000000000000089e+00  1.185213038112666428e+00  1.247070020232403431e+00  1.187206259881158577e+00  1.247518820670237005e+00
1.900000000000000133e+00  1.188620841206964762e+00  1.251701990667733799e+00  1.190621921012186224e+00  1.251909810236157217e+00
1.950000000000000178e+00  1.192112347152507246e+00  1.256548462726787774e+00  1.193804926965381874e+00  1.256022828277551184e+00
