1.000000000000000000e+00  2.959812009318000747e+01  4.015966388888888616e+01
2.000000000000000000e+00  2.718011004659000207e+01  4.015966388888888616e+01
3.000000000000000000e+00  2.476210000000000022e+01  4.015966388888888616e+01
4.000000000000000000e+00  3.201613013977000577e+01  3.844966388888889242e+01
5.000000000000000000e+00  2.959812009318000747e+01  3.844966388888889242e+01
6.000000000000000000e+00  2.718011004659000207e+01  3.844966388888889242e+01
7.000000000000000000e+00  2.476210000000000022e+01  3.844966388888889242e+01
8.000000000000000000e+00  3.443414018636001117e+01  3.673966388888889156e+01
9.000000000000000000e+00  3.201613013977000577e+01  3.673966388888889156e+01
1.000000000000000000e+01  2.959812009318000747e+01  3.673966388888889156e+01
1.100000000000000000e+01  2.718011004659000207e+01  3.673966388888889156e+01
1.200000000000000000e+01  2.476210000000000022e+01  3.673966388888889156e+01
1.300000000000000000e+01  3.443414018636001117e+01  3.502966388888889071e+01
1.400000000000000000e+01  3.201613013977000577e+01  3.502966388888889071e+01
1.500000000000000000e+01  2.959812009318000747e+01  3.502966388888889071e+01
1.600000000000000000e+01  2.718011004659000207e+01  3.502966388888889071e+01
1.700000000000000000e+01  2.476210000000000022e+01  3.502966388888889071e+01
1.800000000000000000e+01  3.443414018636001117e+01  3.331966388888888986e+01
1.900000000000000000e+01  3.201613013977000577e+01  3.331966388888888986e+01
2.000000000000000000e+01  2.959812009318000747e+01  3.331966388888888986e+01
2.100000000000000000e+01  2.718011004659000207e+01  3.331966388888888986e+01
2.200000000000000000e+01  3.443414018636001117e+01  3.160966388888888545e+01
2.300000000000000000e+01  3.201613013977000577e+01  3.160966388888888545e+01
2.400000000000000000e+01  2.959812009318000747e+01  3.160966388888888545e+01
2.500000000000000000e+01  2.718011004659000207e+01  3.160966388888888545e+01
2.600000000000000000e+01  3.443414018636001117e+01  2.989966388888888460e+01
2.700000000000000000e+01  3.201613013977000577e+01  2.989966388888888460e+01
2.800000000000000000e+01  2.959812009318000747e+01  2.989966388888888460e+01
2.900000000000000000e+01  2.718011004659000207e+01  2.989966388888888460e+01
3.000000000000000000e+01  3.443414018636001117e+01  2.818966388888888375e+01
3.100000000000000000e+01  3.201613013977000577e+01  2.818966388888888375e+01
3.200000000000000000e+01  2.959812009318000747e+01  2.818966388888888375e+01
3.300000000000000000e+01  2.718011004659000207e+01  2.818966388888888375e+01
3.400000000000000000e+01  2.476210000000000022e+01  2.818966388888888375e+01
3.500000000000000000e+01  2.234408995340999837e+01  2.818966388888888375e+01
3.600000000000000000e+01  1.992607990681999297e+01  2.818966388888888375e+01
3.700000000000000000e+01  1.750806986022999112e+01  2.818966388888888375e+01
3.800000000000000000e+01  1.509005981363998750e+01  2.818966388888888375e+01
3.900000000000000000e+01  1.267204976704998387e+01  2.818966388888888375e+01
4.000000000000000000e+01  3.443414018636001117e+01  2.647966388888888645e+01
4.100000000000000000e+01  3.201613013977000577e+01  2.647966388888888645e+01
4.200000000000000000e+01  2.959812009318000747e+01  2.647966388888888645e+01
4.300000000000000000e+01  2.718011004659000207e+01  2.647966388888888645e+01
4.400000000000000000e+01  2.476210000000000022e+01  2.647966388888888645e+01
4.500000000000000000e+01  2.234408995340999837e+01  2.647966388888888645e+01
4.600000000000000000e+01  1.992607990681999297e+01  2.647966388888888645e+01
4.700000000000000000e+01  1.750806986022999112e+01  2.647966388888888645e+01
4.800000000000000000e+01  1.509005981363998750e+01  2.647966388888888645e+01
4.900000000000000000e+01  1.267204976704998387e+01  2.647966388888888645e+01
5.000000000000000000e+01  3.443414018636001117e+01  2.476966388888888559e+01
5.100000000000000000e+01  3.201613013977000577e+01  2.476966388888888559e+01
5.200000000000000000e+01  2.959812009318000747e+01  2.476966388888888559e+01
5.300000000000000000e+01  2.718011004659000207e+01  2.476966388888888559e+01
5.400000000000000000e+01  2.476210000000000022e+01  2.476966388888888559e+01
5.500000000000000000e+01  2.234408995340999837e+01  2.476966388888888559e+01
5.600000000000000000e+01  1.992607990681999297e+01  2.476966388888888559e+01
5.700000000000000000e+01  1.750806986022999112e+01  2.476966388888888559e+01
5.800000000000000000e+01  1.509005981363998750e+01  2.476966388888888559e+01
5.900000000000000000e+01  1.267204976704998387e+01  2.476966388888888559e+01
6.000000000000000000e+01  3.201613013977000577e+01  2.305966388888888474e+01
6.100000000000000000e+01  2.959812009318000747e+01  2.305966388888888474e+01
6.200000000000000000e+01  2.718011004659000207e+01  2.305966388888888474e+01
6.300000000000000000e+01  2.476210000000000022e+01  2.305966388888888474e+01
6.400000000000000000e+01  2.234408995340999837e+01  2.305966388888888474e+01
6.500000000000000000e+01  1.992607990681999297e+01  2.305966388888888474e+01
6.600000000000000000e+01  1.750806986022999112e+01  2.305966388888888474e+01
6.700000000000000000e+01  1.509005981363998750e+01  2.305966388888888474e+01
6.800000000000000000e+01  2.959812009318000747e+01  2.134966388888888744e+01
6.900000000000000000e+01  2.718011004659000207e+01  2.134966388888888744e+01
7.000000000000000000e+01  2.476210000000000022e+01  2.134966388888888744e+01
7.100000000000000000e+01  2.234408995340999837e+01  2.134966388888888744e+01
7.200000000000000000e+01  1.992607990681999297e+01  2.134966388888888744e+01
7.300000000000000000e+01  1.750806986022999112e+01  2.134966388888888744e+01
7.400000000000000000e+01  2.718011004659000207e+01  1.963966388888888659e+01
7.500000000000000000e+01  2.476210000000000022e+01  1.963966388888888659e+01
7.600000000000000000e+01  2.234408995340999837e+01  1.963966388888888659e+01
7.700000000000000000e+01  1.992607990681999297e+01  1.963966388888888659e+01
