1 24.7621 40.159663888888886 
 2 27.180110046590002 40.159663888888886 
 3 29.598120093180007 40.159663888888886 
 4 32.016130139770006 40.159663888888886 
 5 24.7621 38.44966388888889 
 6 27.180110046590002 38.44966388888889 
 7 29.598120093180007 38.44966388888889 
 8 32.016130139770006 38.44966388888889 
 9 24.7621 36.73966388888889 
 10 27.180110046590002 36.73966388888889 
 11 29.598120093180007 36.73966388888889 
 12 32.016130139770006 36.73966388888889 
 13 34.43414018636001 36.73966388888889 
 14 24.7621 35.02966388888889 
 15 27.180110046590002 35.02966388888889 
 16 29.598120093180007 35.02966388888889 
 17 32.016130139770006 35.02966388888889 
 18 34.43414018636001 35.02966388888889 
 19 27.180110046590002 33.31966388888889 
 20 29.598120093180007 33.31966388888889 
 21 32.016130139770006 33.31966388888889 
 22 34.43414018636001 33.31966388888889 
 23 27.180110046590002 31.609663888888885 
 24 29.598120093180007 31.609663888888885 
 25 32.016130139770006 31.609663888888885 
 26 34.43414018636001 31.609663888888885 
 27 27.180110046590002 29.899663888888885 
 28 29.598120093180007 29.899663888888885 
 29 32.016130139770006 29.899663888888885 
 30 34.43414018636001 29.899663888888885 
 31 12.672049767049984 28.189663888888884 
 32 15.090059813639987 28.189663888888884 
 33 17.50806986022999 28.189663888888884 
 34 19.926079906819993 28.189663888888884 
 35 22.34408995341 28.189663888888884 
 36 24.7621 28.189663888888884 
 37 27.180110046590002 28.189663888888884 
 38 29.598120093180007 28.189663888888884 
 39 32.016130139770006 28.189663888888884 
 40 34.43414018636001 28.189663888888884 
 41 12.672049767049984 26.479663888888886 
 42 15.090059813639987 26.479663888888886 
 43 17.50806986022999 26.479663888888886 
 44 19.926079906819993 26.479663888888886 
 45 22.34408995341 26.479663888888886 
 46 24.7621 26.479663888888886 
 47 27.180110046590002 26.479663888888886 
 48 29.598120093180007 26.479663888888886 
 49 32.016130139770006 26.479663888888886 
 50 34.43414018636001 26.479663888888886 
 51 12.672049767049984 24.769663888888886 
 52 15.090059813639987 24.769663888888886 
 53 17.50806986022999 24.769663888888886 
 54 19.926079906819993 24.769663888888886 
 55 22.34408995341 24.769663888888886 
 56 24.7621 24.769663888888886 
 57 27.180110046590002 24.769663888888886 
 58 29.598120093180007 24.769663888888886 
 59 32.016130139770006 24.769663888888886 
 60 34.43414018636001 24.769663888888886 
 61 15.090059813639987 23.059663888888885 
 62 17.50806986022999 23.059663888888885 
 63 19.926079906819993 23.059663888888885 
 64 22.34408995341 23.059663888888885 
 65 24.7621 23.059663888888885 
 66 27.180110046590002 23.059663888888885 
 67 29.598120093180007 23.059663888888885 
 68 32.016130139770006 23.059663888888885 
 69 34.43414018636001 23.059663888888885 
 70 17.50806986022999 21.349663888888887 
 71 19.926079906819993 21.349663888888887 
 72 22.34408995341 21.349663888888887 
 73 24.7621 21.349663888888887 
 74 27.180110046590002 21.349663888888887 
 75 29.598120093180007 21.349663888888887 
 76 32.016130139770006 21.349663888888887 
 77 19.926079906819993 19.639663888888887 
 78 22.34408995341 19.639663888888887 
 79 24.7621 19.639663888888887 
 80 27.180110046590002 19.639663888888887 
 81 29.598120093180007 19.639663888888887 
 